image: scans.pgm
resolution: 0.050000
origin: [-40.954884, -29.882874, 0.000000]
negate: 0
occupied_thresh: 0.65
free_thresh: 0.196

